1.0744681 0.0505911 0.0255992 0.0703001 0.0638250 -0.0665522 0.0446372 0.0534749 0.0657890 0.0722718 0.0623199 0.0769076 -0.1997657 -0.2055280 -0.1974534 -0.1903933 -0.1673893 -0.0015489 0.0262916 -0.1674542 -0.2092576
0.0505911 1.0728593 0.0214663 0.0620541 0.0594490 -0.0621175 0.0419445 0.0500683 0.0583410 0.0652258 0.0567417 0.0695696 -0.1875899 -0.1946652 -0.1858152 -0.1777174 -0.1549200 -0.0014893 0.0239697 -0.1552656 -0.1984459
0.0255992 0.0214663 0.9989140 0.0321484 0.0300296 -0.0399498 0.0196100 0.0248481 0.0306208 0.0325916 0.0287660 0.0335510 -0.1193846 -0.1239982 -0.1169296 -0.1115990 -0.0946572 -0.0043390 0.0103254 -0.0941562 -0.1286054
0.0703001 0.0620541 0.0321484 1.1172706 0.0814532 -0.0806445 0.0557713 0.0705267 0.0831201 0.0923500 0.0776494 0.0989884 -0.2360480 -0.2425868 -0.2347501 -0.2265924 -0.2020091 0.0031341 0.0341992 -0.2028606 -0.2461949
0.0638250 0.0594490 0.0300296 0.0814532 1.1107812 -0.0760217 0.0546268 0.0669422 0.0906909 0.0874757 0.0737962 0.0942152 -0.2306535 -0.2361269 -0.2279580 -0.2196394 -0.1936664 0.0014958 0.0335437 -0.1935622 -0.2391658
-0.0665522 -0.0621175 -0.0399498 -0.0806445 -0.0760217 1.0291561 -0.0577159 -0.0657389 -0.0801181 -0.0877639 -0.0770501 -0.0960096 0.0984921 0.1016888 0.1006737 0.1028344 0.0977082 -0.0271742 -0.0450269 0.0987510 0.0948598
0.0446372 0.0419445 0.0196100 0.0557713 0.0546268 -0.0577159 1.0406882 0.0508919 0.0570473 0.0609734 0.0512981 0.0622376 -0.1739008 -0.1805049 -0.1722059 -0.1637904 -0.1426597 -0.0003379 0.0230910 -0.1427352 -0.1839933
0.0534749 0.0500683 0.0248481 0.0705267 0.0669422 -0.0657389 0.0508919 1.0619719 0.0682244 0.0766942 0.0623291 0.0792443 -0.1977589 -0.2050241 -0.1967614 -0.1880058 -0.1654003 -0.0004853 0.0266048 -0.1654364 -0.2078933
0.0657890 0.0583410 0.0306208 0.0831201 0.0906909 -0.0801181 0.0570473 0.0682244 1.1120039 0.0907938 0.0747295 0.0939485 -0.2334793 -0.2403815 -0.2321845 -0.2235534 -0.1987111 -0.0006054 0.0321353 -0.1983106 -0.2411984
0.0722718 0.0652258 0.0325916 0.0923500 0.0874757 -0.0877639 0.0609734 0.0766942 0.0907938 1.1524879 0.0850454 0.1032182 -0.2519839 -0.2586804 -0.2501809 -0.2431288 -0.2175735 0.0003366 0.0342033 -0.2177376 -0.2608371
0.0623199 0.0567417 0.0287660 0.0776494 0.0737962 -0.0770501 0.0512981 0.0623291 0.0747295 0.0850454 1.1144234 0.0885139 -0.2238703 -0.2306544 -0.2223196 -0.2150807 -0.1909186 -0.0003909 0.0285766 -0.1907293 -0.2343013
0.0769076 0.0695696 0.0335510 0.0989884 0.0942152 -0.0960096 0.0622376 0.0792443 0.0939485 0.1032182 0.0885139 1.2076130 -0.2698997 -0.2771810 -0.2689103 -0.2620794 -0.2370839 -0.0017731 0.0356777 -0.2370891 -0.2782467
-0.1997657 -0.1875899 -0.1193846 -0.2360480 -0.2306535 0.0984921 -0.1739008 -0.1977589 -0.2334793 -0.2519839 -0.2238703 -0.2698997 1.2821923 0.4247160 0.4155473 0.4025283 0.3584336 -0.0697816 -0.1326354 0.3603959 0.4148328
-0.2055280 -0.1946652 -0.1239982 -0.2425868 -0.2361269 0.1016888 -0.1805049 -0.2050241 -0.2403815 -0.2586804 -0.2306544 -0.2771810 0.4247160 1.3318982 0.4276957 0.4164464 0.3688937 -0.0714476 -0.1384638 0.3708156 0.4212441
-0.1974534 -0.1858152 -0.1169296 -0.2347501 -0.2279580 0.1006737 -0.1722059 -0.1967614 -0.2321845 -0.2501809 -0.2223196 -0.2689103 0.4155473 0.4276957 1.2614150 0.4020082 0.3564294 -0.0675320 -0.1318792 0.3582917 0.4095571
-0.1903933 -0.1777174 -0.1115990 -0.2265924 -0.2196394 0.1028344 -0.1637904 -0.1880058 -0.2235534 -0.2431288 -0.2150807 -0.2620794 0.4025283 0.4164464 0.4020082 1.2281325 0.3487547 -0.0608860 -0.1233362 0.3497311 0.4007289
-0.1673893 -0.1549200 -0.0946572 -0.2020091 -0.1936664 0.0977082 -0.1426597 -0.1654003 -0.1987111 -0.2175735 -0.1909186 -0.2370839 0.3584336 0.3688937 0.3564294 0.3487547 1.1481640 -0.0496048 -0.1052229 0.3205116 0.3730846
-0.0015489 -0.0014893 -0.0043390 0.0031341 0.0014958 -0.0271742 -0.0003379 -0.0004853 -0.0006054 0.0003366 -0.0003909 -0.0017731 -0.0697816 -0.0714476 -0.0675320 -0.0608860 -0.0496048 1.0226804 0.0024817 -0.0486975 -0.0765552
0.0262916 0.0239697 0.0103254 0.0341992 0.0335437 -0.0450269 0.0230910 0.0266048 0.0321353 0.0342033 0.0285766 0.0356777 -0.1326354 -0.1384638 -0.1318792 -0.1233362 -0.1052229 0.0024817 1.0373966 -0.1052418 -0.1450708
-0.1674542 -0.1552656 -0.0941562 -0.2028606 -0.1935622 0.0987510 -0.1427352 -0.1654364 -0.1983106 -0.2177376 -0.1907293 -0.2370891 0.3603959 0.3708156 0.3582917 0.3497311 0.3205116 -0.0486975 -0.1052418 1.1415193 0.3761406
-0.2092576 -0.1984459 -0.1286054 -0.2461949 -0.2391658 0.0948598 -0.1839933 -0.2078933 -0.2411984 -0.2608371 -0.2343013 -0.2782467 0.4148328 0.4212441 0.4095571 0.4007289 0.3730846 -0.0765552 -0.1450708 0.3761406 1.3714424
