0.8575110 0.1921197 0.1938519 0.2043315 0.1933019 0.1732681 0.1910992 0.1943960 0.2008964 0.2086298 0.2024620 0.2157359 0.1932379 0.1907343 0.1894521 0.1731973 0.1467211 0.1864507 0.1855749 -0.9112388 -0.9227147 -0.9189962 0.1440350 -0.8905815 0.2078392
0.1921197 0.8461975 0.1854887 0.1947635 0.1857630 0.1669946 0.1838983 0.1869644 0.1917404 0.1996261 0.1938258 0.2062412 0.1854730 0.1820385 0.1815094 0.1668355 0.1420473 0.1792005 0.1783088 -0.8828390 -0.8941993 -0.8905541 0.1394402 -0.8619676 0.1984734
0.1938519 0.1854887 0.8277988 0.1971879 0.1877802 0.1684588 0.1849983 0.1887010 0.1947391 0.2016705 0.1961378 0.2081988 0.1870145 0.1841884 0.1836111 0.1682726 0.1429801 0.1813167 0.1801674 -0.8846405 -0.8962161 -0.8924354 0.1407162 -0.8638757 0.2004452
0.2043315 0.1947635 0.1971879 0.8692206 0.1969296 0.1754134 0.1940683 0.1990950 0.2045161 0.2130948 0.2057080 0.2205796 0.1962676 0.1934799 0.1917795 0.1756632 0.1481803 0.1906786 0.1887599 -0.9246837 -0.9360969 -0.9325256 0.1453194 -0.9039782 0.2109148
0.1933019 0.1857630 0.1877802 0.1969296 0.8544403 0.1687927 0.1859169 0.1895655 0.1997512 0.2021614 0.1954987 0.2092991 0.1867732 0.1845835 0.1830966 0.1683067 0.1431931 0.1815207 0.1804440 -0.8931792 -0.9048784 -0.9007593 0.1408090 -0.8722993 0.2011079
0.1732681 0.1669946 0.1684588 0.1754134 0.1687927 0.8126222 0.1662934 0.1695234 0.1734974 0.1792506 0.1746569 0.1844987 0.1676905 0.1659548 0.1652216 0.1533430 0.1313843 0.1631441 0.1623594 -0.8155770 -0.8271640 -0.8235223 0.1293946 -0.7948386 0.1787405
0.1910992 0.1838983 0.1849983 0.1940683 0.1859169 0.1662934 0.8360130 0.1887764 0.1931864 0.1998781 0.1936514 0.2054482 0.1849367 0.1818017 0.1810187 0.1669293 0.1417418 0.1795285 0.1786957 -0.8808791 -0.8924503 -0.8886850 0.1392977 -0.8600357 0.1981312
0.1943960 0.1869644 0.1887010 0.1990950 0.1895655 0.1695234 0.1887764 0.8471870 0.1967708 0.2052908 0.1972626 0.2111270 0.1891871 0.1860244 0.1845929 0.1700168 0.1440109 0.1821510 0.1811037 -0.8953410 -0.9067667 -0.9030269 0.1414608 -0.8745205 0.2028575
0.2008964 0.1917404 0.1947391 0.2045161 0.1997512 0.1734974 0.1931864 0.1967708 0.8651547 0.2109297 0.2030192 0.2168526 0.1940139 0.1911076 0.1896073 0.1738776 0.1471631 0.1872579 0.1863250 -0.9181350 -0.9296027 -0.9256532 0.1448083 -0.8973476 0.2094600
0.2086298 0.1996261 0.2016705 0.2130948 0.2021614 0.1792506 0.1998781 0.2052908 0.2109297 0.8882531 0.2121206 0.2255688 0.2010534 0.1981337 0.1967356 0.1794266 0.1511631 0.1944839 0.1927079 -0.9442596 -0.9553900 -0.9520566 0.1483964 -0.9237852 0.2165811
0.2024620 0.1938258 0.1961378 0.2057080 0.1954987 0.1746569 0.1936514 0.1972626 0.2030192 0.2121206 0.8697560 0.2184193 0.1959414 0.1928203 0.1916546 0.1749658 0.1479863 0.1888625 0.1869640 -0.9220202 -0.9335454 -0.9296014 0.1454254 -0.9012631 0.2100228
0.2157359 0.2062412 0.2081988 0.2205796 0.2092991 0.1844987 0.2054482 0.2111270 0.2168526 0.2255688 0.2184193 0.9156407 0.2077300 0.2044131 0.2028281 0.1845391 0.1546602 0.2002479 0.1988398 -0.9701401 -0.9815335 -0.9778243 0.1520820 -0.9498894 0.2240770
0.1932379 0.1854730 0.1870145 0.1962676 0.1867732 0.1676905 0.1849367 0.1891871 0.1940139 0.2010534 0.1959414 0.2077300 0.8447122 0.1935372 0.1937881 0.1761222 0.1456531 0.1803218 0.1798858 -0.8949061 -0.9064209 -0.9027168 0.1434804 -0.8740831 0.2090838
0.1907343 0.1820385 0.1841884 0.1934799 0.1845835 0.1659548 0.1818017 0.1860244 0.1911076 0.1981337 0.1928203 0.2044131 0.1935372 0.8530167 0.1916250 0.1747764 0.1437922 0.1785241 0.1767816 -0.8875139 -0.8989969 -0.8953846 0.1417325 -0.8667094 0.2041326
0.1894521 0.1815094 0.1836111 0.1917795 0.1830966 0.1652216 0.1810187 0.1845929 0.1896073 0.1967356 0.1916546 0.2028281 0.1937881 0.1916250 0.8332141 0.1734923 0.1430328 0.1771163 0.1759014 -0.8797035 -0.8913421 -0.8876315 0.1409966 -0.8588971 0.2031824
0.1731973 0.1668355 0.1682726 0.1756632 0.1683067 0.1533430 0.1669293 0.1700168 0.1738776 0.1794266 0.1749658 0.1845391 0.1761222 0.1747764 0.1734923 0.8070340 0.1335905 0.1636136 0.1627243 -0.8221313 -0.8333935 -0.8298737 0.1314534 -0.8011175 0.1847262
0.1467211 0.1420473 0.1429801 0.1481803 0.1431931 0.1313843 0.1417418 0.1440109 0.1471631 0.1511631 0.1479863 0.1546602 0.1456531 0.1437922 0.1430328 0.1335905 0.7843114 0.1391773 0.1388274 -0.7191234 -0.7305659 -0.7266576 0.1165976 -0.6984358 0.1568263
0.1864507 0.1792005 0.1813167 0.1906786 0.1815207 0.1631441 0.1795285 0.1821510 0.1872579 0.1944839 0.1888625 0.2002479 0.1803218 0.1785241 0.1771163 0.1636136 0.1391773 0.8309114 0.1777443 -0.8661327 -0.8774894 -0.8738170 0.1371944 -0.8453178 0.1936366
0.1855749 0.1783088 0.1801674 0.1887599 0.1804440 0.1623594 0.1786957 0.1811037 0.1863250 0.1927079 0.1869640 0.1988398 0.1798858 0.1767816 0.1759014 0.1627243 0.1388274 0.1777443 0.8304573 -0.8622695 -0.8737907 -0.8700432 0.1363229 -0.8413908 0.1907785
-0.9112388 -0.8828390 -0.8846405 -0.9246837 -0.8931792 -0.8155770 -0.8808791 -0.8953410 -0.9181350 -0.9442596 -0.9220202 -0.9701401 -0.8949061 -0.8875139 -0.8797035 -0.8221313 -0.7191234 -0.8661327 -0.8622695 5.3591266 4.8625207 4.8310204 -0.7093462 4.6401796 -0.9497513
-0.9227147 -0.8941993 -0.8962161 -0.9360969 -0.9048784 -0.8271640 -0.8924503 -0.9067667 -0.9296027 -0.9553900 -0.9335454 -0.9815335 -0.9064209 -0.8989969 -0.8913421 -0.8333935 -0.7305659 -0.8774894 -0.8737907 4.8625207 5.5317960 4.9156494 -0.7206679 4.6991820 -0.9612508
-0.9189962 -0.8905541 -0.8924354 -0.9325256 -0.9007593 -0.8235223 -0.8886850 -0.9030269 -0.9256532 -0.9520566 -0.9296014 -0.9778243 -0.9027168 -0.8953846 -0.8876315 -0.8298737 -0.7266576 -0.8738170 -0.8700432 4.8310204 4.9156494 5.4810982 -0.7168640 4.6695585 -0.9574152
0.1440350 0.1394402 0.1407162 0.1453194 0.1408090 0.1293946 0.1392977 0.1414608 0.1448083 0.1483964 0.1454254 0.1520820 0.1434804 0.1417325 0.1409966 0.1314534 0.1165976 0.1371944 0.1363229 -0.7093462 -0.7206679 -0.7168640 0.7800500 -0.6886820 0.1546812
-0.8905815 -0.8619676 -0.8638757 -0.9039782 -0.8722993 -0.7948386 -0.8600357 -0.8745205 -0.8973476 -0.9237852 -0.9012631 -0.9498894 -0.8740831 -0.8667094 -0.8588971 -0.8011175 -0.6984358 -0.8453178 -0.8413908 4.6401796 4.6991820 4.6695585 -0.6886820 5.1028609 -0.9291589
0.2078392 0.1984734 0.2004452 0.2109148 0.2011079 0.1787405 0.1981312 0.2028575 0.2094600 0.2165811 0.2100228 0.2240770 0.2090838 0.2041326 0.2031824 0.1847262 0.1568263 0.1936366 0.1907785 -0.9497513 -0.9612508 -0.9574152 0.1546812 -0.9291589 0.8988050
