6.5763826 6.2001581 6.2354627 -0.8803104 -1.0064397 -0.8703169 -0.7465349 -0.7918975 -0.4714845 -0.7373081 -0.8923501 -0.8745770 -0.8078703 -0.8294038 -0.9248669 -0.8107825 -0.7840024 -0.8101624 -0.9124996 -0.7962065 -0.8369808 -0.7211785 -0.7795871 0.0423019 -0.8618818 -0.8938749 -0.8259096 -0.8222728 -0.8301210 -0.9875979 -0.8491244 -0.7274369 -0.7839536 -0.7973647 -0.7847239 -0.8306876 -0.8531940 -0.8430992 -0.8093851 -0.8526603 -0.7739347 -0.8631664 -0.8640674 -0.9962387 -0.8120035 -0.8755084 -0.9076357 -0.7039624 -0.6267062 -0.7746658 -0.7617466 -0.7250239 -0.6414655 -0.7107490 -0.6172125 -0.6294532 -0.7623522 -0.7555450 -0.7153690 6.2229934 6.2058625 6.1865282 -0.7369499 -0.6433849 -0.8131175 -0.7968460 -0.7615218 -0.7503247 -0.8847530
6.2001581 6.5021586 6.1900625 -0.8765429 -1.0027519 -0.8664187 -0.7423005 -0.7879710 -0.4685893 -0.7329459 -0.8885890 -0.8705717 -0.8038026 -0.8253050 -0.9213163 -0.8066215 -0.7798653 -0.8063732 -0.9086490 -0.7919027 -0.8328059 -0.7170097 -0.7753391 0.0429014 -0.8583738 -0.8898194 -0.8217525 -0.8180640 -0.8259752 -0.9838642 -0.8451431 -0.7234381 -0.7799679 -0.7932178 -0.7805927 -0.8266869 -0.8493984 -0.8388690 -0.8054023 -0.8484866 -0.7697185 -0.8592985 -0.8598800 -0.9928768 -0.8081176 -0.8716070 -0.9037817 -0.7002456 -0.6225058 -0.7709705 -0.7578048 -0.7205959 -0.6371292 -0.7065549 -0.6129777 -0.6248508 -0.7577325 -0.7515037 -0.7111942 6.1726837 6.1560178 6.1360383 -0.7326781 -0.6395803 -0.8089877 -0.7927899 -0.7573137 -0.7461727 -0.8808247
6.2354627 6.1900625 6.5546765 -0.8796997 -1.0060973 -0.8694950 -0.7455797 -0.7908467 -0.4711514 -0.7361026 -0.8913794 -0.8737378 -0.8068965 -0.8283632 -0.9239114 -0.8096787 -0.7830826 -0.8092333 -0.9116015 -0.7950699 -0.8359825 -0.7200736 -0.7783518 0.0426065 -0.8612680 -0.8932558 -0.8250113 -0.8214037 -0.8292549 -0.9870974 -0.8482023 -0.7263327 -0.7828524 -0.7962387 -0.7837698 -0.8299239 -0.8524072 -0.8422638 -0.8082996 -0.8515240 -0.7729469 -0.8623307 -0.8627406 -0.9958023 -0.8111630 -0.8744245 -0.9066887 -0.7029658 -0.6253504 -0.7737492 -0.7606430 -0.7238461 -0.6405749 -0.7096111 -0.6158808 -0.6282000 -0.7608985 -0.7546029 -0.7143067 6.2069163 6.1900463 6.1705518 -0.7359827 -0.6423801 -0.8122944 -0.7958032 -0.7603968 -0.7493777 -0.8837027
-0.8803104 -0.8765429 -0.8796997 0.7951294 0.1818436 0.1483093 0.1051502 0.1036883 0.0621092 0.1174518 0.1524177 0.1493396 0.1378174 0.1438811 0.1674086 0.1335752 0.1281886 0.1335189 0.1583474 0.1311350 0.1399420 0.1149882 0.1269621 -0.0125944 0.1254622 0.1302038 0.1205286 0.1184245 0.1391325 0.1758715 0.1414484 0.1170192 0.1287914 0.1316825 0.1286114 0.1390055 0.1428387 0.1416486 0.1335730 0.1430787 0.1263566 0.1450420 0.1465622 0.1682300 0.1339801 0.1477583 0.1570507 0.0905311 0.0770698 0.1011424 0.0994025 0.0943237 0.0799175 0.0912538 0.0754095 0.0766009 0.0977436 0.0968026 0.1005817 -0.8781326 -0.8766843 -0.8749887 0.1173328 0.0901222 0.1352281 0.1312371 0.1229108 0.1210179 0.1510942
-1.0064397 -1.0027519 -1.0060973 0.1818436 0.8471475 0.1784069 0.1196927 0.1174297 0.0697686 0.1366080 0.1848091 0.1809631 0.1573134 0.1638762 0.1990001 0.1592241 0.1504332 0.1579445 0.1938242 0.1539851 0.1679178 0.1324528 0.1492003 -0.0198930 0.1488417 0.1573507 0.1398637 0.1373159 0.1646447 0.2250644 0.1711071 0.1357208 0.1498236 0.1536971 0.1500054 0.1653658 0.1725025 0.1689207 0.1580766 0.1715898 0.1468894 0.1760831 0.1772885 0.2158103 0.1593379 0.1797081 0.1921119 0.0996171 0.0818944 0.1146424 0.1120380 0.1040865 0.0849419 0.1000054 0.0792003 0.0804109 0.1088546 0.1076701 0.1126015 -1.0045291 -1.0033282 -1.0017916 0.1364047 0.1013037 0.1611314 0.1542745 0.1430148 0.1400389 0.1842510
-0.8703169 -0.8664187 -0.8694950 0.1483093 0.1784069 0.7844563 0.1050059 0.1028647 0.0618201 0.1165116 0.1500601 0.1470721 0.1313396 0.1364644 0.1580249 0.1328928 0.1272041 0.1330035 0.1565694 0.1298713 0.1381032 0.1134005 0.1256186 -0.0120592 0.1236489 0.1292451 0.1185966 0.1177823 0.1368351 0.1727022 0.1403635 0.1158481 0.1266247 0.1293830 0.1267961 0.1362973 0.1412716 0.1399982 0.1320092 0.1413736 0.1244757 0.1429380 0.1449565 0.1660675 0.1323639 0.1465216 0.1548884 0.0899841 0.0771210 0.1003734 0.0987470 0.0941338 0.0801421 0.0914608 0.0755364 0.0764773 0.0971253 0.0964427 0.0998910 -0.8682232 -0.8666050 -0.8649513 0.1163083 0.0890756 0.1334199 0.1296018 0.1218952 0.1196450 0.1488005
-0.7465349 -0.7423005 -0.7455797 0.1051502 0.1196927 0.1050059 0.8135746 0.1123787 0.0708525 0.0894525 0.1071204 0.1051707 0.0981619 0.1009956 0.1104232 0.0982566 0.0948302 0.0980523 0.1098773 0.0960974 0.1008211 0.0875840 0.0944256 -0.0019656 0.1442852 0.1550200 0.1357697 0.1361501 0.1004046 0.1179415 0.1031146 0.0874343 0.0947653 0.0962975 0.0948247 0.1003352 0.1033082 0.1018735 0.0976297 0.1030976 0.0933918 0.1045871 0.1032788 0.1444966 0.0979231 0.1052032 0.1088387 0.0957685 0.0846101 0.1068204 0.1047678 0.1005260 0.0877988 0.0973714 0.0802525 0.0824645 0.1021665 0.1012367 0.1125709 -0.7444767 -0.7432153 -0.7409449 0.0899983 0.0948512 0.0982214 0.0958652 0.0931132 0.0906475 0.1067431
-0.7918975 -0.7879710 -0.7908467 0.1036883 0.1174297 0.1028647 0.1123787 0.9091455 0.0662790 0.0879043 0.1059356 0.1028910 0.0950907 0.0981951 0.1083025 0.0966377 0.0923468 0.0957051 0.1070005 0.0937783 0.0984146 0.0850620 0.0925539 -0.0076571 0.1351453 0.1440490 0.1278555 0.1281485 0.0982817 0.1152591 0.1005654 0.0842132 0.0922367 0.0929600 0.0925173 0.0981824 0.1007426 0.1003874 0.0953947 0.1000358 0.0912983 0.1024692 0.1018732 0.1370322 0.0949441 0.1035555 0.1069556 0.1213051 0.1061025 0.1401616 0.1361591 0.1823901 0.1564236 0.1770091 0.1197999 0.1230222 0.1575665 0.1559737 0.1050900 -0.7895415 -0.7882050 -0.7865510 0.0882630 0.0922991 0.0957031 0.0936630 0.0903177 0.0878574 0.1044030
-0.4714845 -0.4685893 -0.4711514 0.0621092 0.0697686 0.0618201 0.0708525 0.0662790 0.8844761 0.0534997 0.0637793 0.0621335 0.0574488 0.0587115 0.0642710 0.0581015 0.0564339 0.0583316 0.0647397 0.0569470 0.0593205 0.0518526 0.0564044 -0.0019144 0.0868183 0.0860320 0.0782179 0.0788946 0.0595447 0.0687948 0.0610022 0.0518140 0.0562300 0.0570661 0.0560809 0.0593958 0.0607237 0.0601816 0.0580210 0.0608837 0.0555997 0.0618482 0.0614248 0.0821448 0.0572723 0.0624047 0.0642718 0.0584197 0.0519895 0.0654761 0.0649953 0.0595889 0.0517660 0.0585875 0.0499334 0.0516187 0.0643881 0.0631976 0.0656353 -0.4699312 -0.4692147 -0.4678918 0.0538180 0.0769485 0.0587985 0.0569557 0.0553651 0.0541521 0.0627230
-0.7373081 -0.7329459 -0.7361026 0.1174518 0.1366080 0.1165116 0.0894525 0.0879043 0.0534997 0.7706970 0.1202319 0.1173392 0.1075223 0.1102601 0.1246283 0.1083921 0.1045911 0.1080641 0.1230999 0.1058064 0.1117996 0.0947536 0.1030055 -0.0065159 0.1022762 0.1055369 0.0985248 0.0974991 0.1108732 0.1332760 0.1135453 0.0968468 0.1042610 0.1059076 0.1043978 0.1109611 0.1140913 0.1130808 0.1081135 0.1142891 0.1027288 0.1157794 0.1159048 0.1290750 0.1092492 0.1178449 0.1222939 0.0789401 0.0694356 0.0856655 0.0844254 0.0812787 0.0714776 0.0798020 0.0679445 0.0688187 0.0835822 0.0826538 0.0854665 -0.7348993 -0.7333194 -0.7313828 0.0970308 0.0763719 0.1086042 0.1060236 0.1006874 0.0995905 0.1189582
-0.8923501 -0.8885890 -0.8913794 0.1524177 0.1848091 0.1500601 0.1071204 0.1059356 0.0637793 0.1202319 0.7992468 0.1522614 0.1353142 0.1397635 0.1627508 0.1367076 0.1299352 0.1360340 0.1607560 0.1335969 0.1425084 0.1159794 0.1288186 -0.0130840 0.1279830 0.1328229 0.1215738 0.1194278 0.1412961 0.1806245 0.1461021 0.1193027 0.1300994 0.1339531 0.1303569 0.1412987 0.1479834 0.1444717 0.1368748 0.1465416 0.1278936 0.1491749 0.1501246 0.1728020 0.1374440 0.1521606 0.1607376 0.0923783 0.0782158 0.1031062 0.1006943 0.0963170 0.0816247 0.0933497 0.0760351 0.0778529 0.0994548 0.0988772 0.1018617 -0.8899892 -0.8887088 -0.8871655 0.1200793 0.0911621 0.1368264 0.1333297 0.1251999 0.1233004 0.1541067
-0.8745770 -0.8705717 -0.8737378 0.1493396 0.1809631 0.1470721 0.1051707 0.1028910 0.0621335 0.1173392 0.1522614 0.7881753 0.1318389 0.1371794 0.1601072 0.1332176 0.1280356 0.1324957 0.1572291 0.1295417 0.1400827 0.1143853 0.1262729 -0.0126178 0.1248321 0.1297445 0.1190404 0.1171520 0.1375516 0.1752694 0.1423946 0.1164949 0.1277708 0.1307202 0.1273652 0.1377659 0.1424854 0.1405778 0.1325002 0.1429205 0.1252432 0.1448959 0.1462292 0.1673399 0.1341552 0.1475882 0.1552138 0.0901812 0.0770069 0.1006084 0.0989320 0.0933967 0.0794816 0.0907414 0.0751899 0.0758921 0.0974751 0.0957414 0.1000447 -0.8723134 -0.8709893 -0.8692752 0.1169310 0.0905232 0.1337395 0.1302520 0.1219474 0.1195704 0.1507922
-0.8078703 -0.8038026 -0.8068965 0.1378174 0.1573134 0.1313396 0.0981619 0.0950907 0.0574488 0.1075223 0.1353142 0.1318389 0.7763247 0.1283158 0.1477406 0.1207863 0.1164934 0.1208246 0.1388357 0.1186097 0.1258534 0.1051962 0.1153475 -0.0090077 0.1126494 0.1164154 0.1084984 0.1069276 0.1245233 0.1539573 0.1277217 0.1062105 0.1168042 0.1184334 0.1163017 0.1241749 0.1276607 0.1263267 0.1207551 0.1280363 0.1147673 0.1299560 0.1298383 0.1459292 0.1212496 0.1317099 0.1385726 0.0841316 0.0732348 0.0922594 0.0910713 0.0875417 0.0760730 0.0853746 0.0712535 0.0725343 0.0899345 0.0885719 0.0932959 -0.8057386 -0.8041911 -0.8023612 0.1074192 0.0830716 0.1217249 0.1188539 0.1123361 0.1105108 0.1342043
-0.8294038 -0.8253050 -0.8283632 0.1438811 0.1638762 0.1364644 0.1009956 0.0981951 0.0587115 0.1102601 0.1397635 0.1371794 0.1283158 0.7770438 0.1533855 0.1245959 0.1202382 0.1249481 0.1445879 0.1220235 0.1297562 0.1077023 0.1184504 -0.0099443 0.1173111 0.1212118 0.1123310 0.1116547 0.1281096 0.1596770 0.1312036 0.1088885 0.1196032 0.1219137 0.1203320 0.1283140 0.1331061 0.1307335 0.1245304 0.1323164 0.1177043 0.1342335 0.1345625 0.1528272 0.1250245 0.1363127 0.1429559 0.0865494 0.0749235 0.0962348 0.0948462 0.0897975 0.0775744 0.0875284 0.0731056 0.0740499 0.0923590 0.0917454 0.0957215 -0.8272634 -0.8259336 -0.8239330 0.1103363 0.0854567 0.1251665 0.1218452 0.1147174 0.1130674 0.1390419
-0.9248669 -0.9213163 -0.9239114 0.1674086 0.1990001 0.1580249 0.1104232 0.1083025 0.0642710 0.1246283 0.1627508 0.1601072 0.1477406 0.1533855 0.8203537 0.1420423 0.1362895 0.1420453 0.1703110 0.1393849 0.1496234 0.1205054 0.1338613 -0.0151208 0.1337851 0.1388937 0.1271410 0.1249166 0.1473552 0.1907538 0.1519404 0.1229901 0.1358735 0.1390869 0.1367374 0.1472769 0.1534180 0.1491069 0.1416337 0.1527292 0.1333661 0.1548352 0.1563127 0.1841161 0.1422821 0.1572010 0.1695158 0.0935193 0.0785525 0.1047862 0.1028011 0.0974003 0.0819494 0.0943455 0.0766006 0.0769247 0.1002004 0.0993546 0.1047414 -0.9225137 -0.9211327 -0.9199913 0.1230894 0.0936749 0.1435725 0.1401453 0.1299489 0.1275379 0.1636238
-0.8107825 -0.8066215 -0.8096787 0.1335752 0.1592241 0.1328928 0.0982566 0.0966377 0.0581015 0.1083921 0.1367076 0.1332176 0.1207863 0.1245959 0.1420423 0.7722266 0.1172896 0.1216160 0.1396870 0.1188991 0.1261752 0.1057011 0.1156040 -0.0090970 0.1134412 0.1183347 0.1093575 0.1080977 0.1246424 0.1543332 0.1278829 0.1072108 0.1164422 0.1191732 0.1166010 0.1247837 0.1292463 0.1273774 0.1212340 0.1292782 0.1142001 0.1315856 0.1308263 0.1472156 0.1212222 0.1323979 0.1396578 0.0858021 0.0744423 0.0940302 0.0929744 0.0884577 0.0769307 0.0862665 0.0732679 0.0738605 0.0912740 0.0907016 0.0940307 -0.8085444 -0.8070968 -0.8052053 0.1080204 0.0834869 0.1220893 0.1190385 0.1124358 0.1108266 0.1350568
-0.7840024 -0.7798653 -0.7830826 0.1281886 0.1504332 0.1272041 0.0948302 0.0923468 0.0564339 0.1045911 0.1299352 0.1280356 0.1164934 0.1202382 0.1362895 0.1172896 0.7669781 0.1173362 0.1350463 0.1148959 0.1215882 0.1023067 0.1115275 -0.0081101 0.1090819 0.1116964 0.1050690 0.1038383 0.1205125 0.1463246 0.1227540 0.1030708 0.1125597 0.1148783 0.1123785 0.1199854 0.1243948 0.1220819 0.1162799 0.1236818 0.1112076 0.1250867 0.1255742 0.1394987 0.1174590 0.1268140 0.1332904 0.0827144 0.0720300 0.0897692 0.0886828 0.0849622 0.0744535 0.0829407 0.0703277 0.0708771 0.0867517 0.0860916 0.0905026 -0.7819005 -0.7803138 -0.7784636 0.1041003 0.0810572 0.1178640 0.1139758 0.1082863 0.1069739 0.1289240
-0.8101624 -0.8063732 -0.8092333 0.1335189 0.1579445 0.1330035 0.0980523 0.0957051 0.0583316 0.1080641 0.1360340 0.1324957 0.1208246 0.1249481 0.1420453 0.1216160 0.1173362 0.7732118 0.1412511 0.1194355 0.1262255 0.1055846 0.1159011 -0.0090841 0.1131812 0.1179306 0.1089948 0.1083051 0.1258098 0.1542249 0.1279351 0.1064009 0.1166055 0.1188961 0.1170452 0.1248208 0.1289521 0.1269650 0.1207936 0.1287013 0.1156155 0.1308304 0.1314075 0.1475995 0.1217758 0.1332608 0.1391682 0.0854140 0.0739839 0.0936453 0.0920655 0.0877876 0.0759398 0.0858637 0.0724892 0.0729647 0.0906115 0.0898169 0.0937718 -0.8080558 -0.8066043 -0.8048930 0.1083167 0.0839170 0.1220056 0.1193311 0.1127080 0.1108159 0.1346967
-0.9124996 -0.9086490 -0.9116015 0.1583474 0.1938242 0.1565694 0.1098773 0.1070005 0.0647397 0.1230999 0.1607560 0.1572291 0.1388357 0.1445879 0.1703110 0.1396870 0.1350463 0.1412511 0.8062969 0.1383958 0.1470555 0.1186948 0.1322942 -0.0142224 0.1321178 0.1374473 0.1251164 0.1228950 0.1452808 0.1877561 0.1498883 0.1218956 0.1341054 0.1367028 0.1330103 0.1452287 0.1508172 0.1470504 0.1397184 0.1500577 0.1305424 0.1527882 0.1539849 0.1804266 0.1405747 0.1563760 0.1654564 0.0939304 0.0791281 0.1049743 0.1033144 0.0970556 0.0814749 0.0936083 0.0766254 0.0774167 0.1007112 0.0993419 0.1044604 -0.9102689 -0.9090959 -0.9073853 0.1221479 0.0932388 0.1413870 0.1375844 0.1282725 0.1253080 0.1597621
-0.7962065 -0.7919027 -0.7950699 0.1311350 0.1539851 0.1298713 0.0960974 0.0937783 0.0569470 0.1058064 0.1335969 0.1295417 0.1186097 0.1220235 0.1393849 0.1188991 0.1148959 0.1194355 0.1383958 0.7665917 0.1239356 0.1035930 0.1134831 -0.0086542 0.1108744 0.1149979 0.1070043 0.1058267 0.1227063 0.1510496 0.1255565 0.1048060 0.1145271 0.1168463 0.1144724 0.1226581 0.1264796 0.1244058 0.1184522 0.1258426 0.1130106 0.1276926 0.1282372 0.1434987 0.1195824 0.1299367 0.1358663 0.0838697 0.0730512 0.0917121 0.0906776 0.0861634 0.0751104 0.0842167 0.0713842 0.0718685 0.0886594 0.0880333 0.0920345 -0.7937742 -0.7924258 -0.7906210 0.1058765 0.0823857 0.1197698 0.1171432 0.1102888 0.1091672 0.1321311
-0.8369808 -0.8328059 -0.8359825 0.1399420 0.1679178 0.1381032 0.1008211 0.0984146 0.0593205 0.1117996 0.1425084 0.1400827 0.1258534 0.1297562 0.1496234 0.1261752 0.1215882 0.1262255 0.1470555 0.1239356 0.7777725 0.1096030 0.1206844 -0.0104167 0.1182504 0.1227081 0.1133930 0.1116137 0.1297218 0.1630566 0.1337114 0.1107357 0.1206109 0.1235431 0.1210002 0.1311963 0.1351358 0.1326268 0.1254251 0.1342907 0.1194227 0.1363341 0.1368728 0.1549378 0.1269459 0.1391537 0.1462159 0.0870218 0.0754149 0.0965064 0.0948401 0.0901493 0.0776551 0.0881878 0.0736682 0.0745285 0.0935704 0.0926847 0.0965653 -0.8347415 -0.8333373 -0.8314754 0.1113382 0.0856352 0.1269532 0.1239509 0.1168080 0.1149230 0.1414058
-0.7211785 -0.7170097 -0.7200736 0.1149882 0.1324528 0.1134005 0.0875840 0.0850620 0.0518526 0.0947536 0.1159794 0.1143853 0.1051962 0.1077023 0.1205054 0.1057011 0.1023067 0.1055846 0.1186948 0.1035930 0.1096030 0.7675993 0.1019574 -0.0057031 0.0992550 0.1018602 0.0964913 0.0948517 0.1084280 0.1292198 0.1101605 0.0943053 0.1021370 0.1035798 0.1018756 0.1080955 0.1112060 0.1102111 0.1056408 0.1116922 0.1005735 0.1127530 0.1130082 0.1232423 0.1060217 0.1142214 0.1180939 0.0766918 0.0677760 0.0829111 0.0820923 0.0790629 0.0696086 0.0768924 0.0665806 0.0670120 0.0810035 0.0802980 0.0839171 -0.7190037 -0.7176257 -0.7155418 0.0952997 0.0745084 0.1060163 0.1044756 0.0989006 0.0975543 0.1153884
-0.7795871 -0.7753391 -0.7783518 0.1269621 0.1492003 0.1256186 0.0944256 0.0925539 0.0564044 0.1030055 0.1288186 0.1262729 0.1153475 0.1184504 0.1338613 0.1156040 0.1115275 0.1159011 0.1322942 0.1134831 0.1206844 0.1019574 0.7666438 -0.0077446 0.1084160 0.1123838 0.1047065 0.1037061 0.1189651 0.1451835 0.1217010 0.1022103 0.1115209 0.1136111 0.1111419 0.1190873 0.1226748 0.1210331 0.1156222 0.1228060 0.1101314 0.1239809 0.1250015 0.1382222 0.1164791 0.1264365 0.1320225 0.0824861 0.0721291 0.0903940 0.0892816 0.0858563 0.0749405 0.0836183 0.0705527 0.0719693 0.0878215 0.0870967 0.0903936 -0.7771400 -0.7758740 -0.7737928 0.1032059 0.0815141 0.1162458 0.1139802 0.1077688 0.1064103 0.1277340
0.0423019 0.0429014 0.0426065 -0.0125944 -0.0198930 -0.0120592 -0.0019656 -0.0076571 -0.0019144 -0.0065159 -0.0130840 -0.0126178 -0.0090077 -0.0099443 -0.0151208 -0.0090970 -0.0081101 -0.0090841 -0.0142224 -0.0086542 -0.0104167 -0.0057031 -0.0077446 0.9925512 -0.0039023 -0.0042884 -0.0024008 -0.0029029 -0.0099528 -0.0185606 -0.0110459 -0.0067588 -0.0081249 -0.0088181 -0.0083091 -0.0101064 -0.0112088 -0.0105952 -0.0090758 -0.0111187 -0.0077183 -0.0111094 -0.0118705 -0.0159047 -0.0092031 -0.0121047 -0.0142989 -0.0053993 -0.0030464 -0.0080235 -0.0074388 -0.0053595 -0.0027206 -0.0050459 -0.0031869 -0.0033695 -0.0078436 -0.0076066 -0.0003691 0.0425911 0.0429061 0.0431751 -0.0061355 -0.0025435 -0.0092185 -0.0086513 -0.0071798 -0.0068400 -0.0129168
-0.8618818 -0.8583738 -0.8612680 0.1254622 0.1488417 0.1236489 0.1442852 0.1351453 0.0868183 0.1022762 0.1279830 0.1248321 0.1126494 0.1173111 0.1337851 0.1134412 0.1090819 0.1131812 0.1321178 0.1108744 0.1182504 0.0992550 0.1084160 -0.0039023 0.8718004 0.2085089 0.1795516 0.1795521 0.1169978 0.1454439 0.1204205 0.0998814 0.1085881 0.1111770 0.1091732 0.1177686 0.1213529 0.1196732 0.1131150 0.1212762 0.1065145 0.1239855 0.1223059 0.1792924 0.1134829 0.1248244 0.1302719 0.1112838 0.0962123 0.1279026 0.1245461 0.1178689 0.0995551 0.1139869 0.0913665 0.0941834 0.1232160 0.1216565 0.1419389 -0.8594190 -0.8583661 -0.8568086 0.1026806 0.1134276 0.1138593 0.1115266 0.1058450 0.1027468 0.1268068
-0.8938749 -0.8898194 -0.8932558 0.1302038 0.1573507 0.1292451 0.1550200 0.1440490 0.0860320 0.1055369 0.1328229 0.1297445 0.1164154 0.1212118 0.1388937 0.1183347 0.1116964 0.1179306 0.1374473 0.1149979 0.1227081 0.1018602 0.1123838 -0.0042884 0.2085089 0.8957655 0.1921228 0.1904121 0.1218177 0.1537016 0.1255642 0.1024328 0.1124994 0.1149944 0.1132468 0.1218562 0.1259743 0.1238224 0.1170340 0.1255773 0.1107169 0.1289170 0.1277784 0.1918106 0.1172690 0.1297043 0.1366608 0.1173386 0.1000629 0.1346526 0.1299053 0.1249690 0.1043850 0.1211526 0.0957734 0.0981386 0.1291300 0.1267333 0.1502174 -0.8912550 -0.8904195 -0.8887168 0.1061140 0.1150349 0.1183744 0.1148094 0.1095507 0.1062770 0.1323081
-0.8259096 -0.8217525 -0.8250113 0.1205286 0.1398637 0.1185966 0.1357697 0.1278555 0.0782179 0.0985248 0.1215738 0.1190404 0.1084984 0.1123310 0.1271410 0.1093575 0.1050690 0.1089948 0.1251164 0.1070043 0.1133930 0.0964913 0.1047065 -0.0024008 0.1795516 0.1921228 0.8418846 0.1653172 0.1123764 0.1366151 0.1154360 0.0961533 0.1042361 0.1072576 0.1048070 0.1122793 0.1158037 0.1140183 0.1086338 0.1157889 0.1035342 0.1177708 0.1174543 0.1659187 0.1090094 0.1186123 0.1245378 0.1054026 0.0916677 0.1197669 0.1168261 0.1115050 0.0955825 0.1083644 0.0877545 0.0903472 0.1166974 0.1133740 0.1319309 -0.8234220 -0.8222945 -0.8204627 0.0988925 0.1041983 0.1096395 0.1074997 0.1023570 0.0995082 0.1203123
-0.8222728 -0.8180640 -0.8214037 0.1184245 0.1373159 0.1177823 0.1361501 0.1281485 0.0788946 0.0974991 0.1194278 0.1171520 0.1069276 0.1116547 0.1249166 0.1080977 0.1038383 0.1083051 0.1228950 0.1058267 0.1116137 0.0948517 0.1037061 -0.0029029 0.1795521 0.1904121 0.1653172 0.8484899 0.1111096 0.1339802 0.1135886 0.0952077 0.1031619 0.1057289 0.1037874 0.1109512 0.1146907 0.1133801 0.1076754 0.1144871 0.1025924 0.1160817 0.1153344 0.1648971 0.1078870 0.1175866 0.1223040 0.1065499 0.0930979 0.1214344 0.1188286 0.1145546 0.0968564 0.1095798 0.0886095 0.0907873 0.1158904 0.1144277 0.1332617 -0.8201705 -0.8186581 -0.8170190 0.0982547 0.1052697 0.1083025 0.1056177 0.1014462 0.0985784 0.1198093
-0.8301210 -0.8259752 -0.8292549 0.1391325 0.1646447 0.1368351 0.1004046 0.0982817 0.0595447 0.1108732 0.1412961 0.1375516 0.1245233 0.1281096 0.1473552 0.1246424 0.1205125 0.1258098 0.1452808 0.1227063 0.1297218 0.1084280 0.1189651 -0.0099528 0.1169978 0.1218177 0.1123764 0.1111096 0.7770646 0.1607129 0.1320930 0.1100116 0.1195142 0.1227065 0.1205571 0.1284299 0.1329398 0.1306526 0.1248760 0.1333082 0.1185733 0.1352818 0.1358127 0.1533144 0.1255193 0.1379569 0.1447164 0.0866022 0.0744581 0.0953203 0.0938812 0.0901014 0.0778432 0.0875501 0.0731909 0.0740935 0.0923266 0.0915801 0.0954866 -0.8278522 -0.8266096 -0.8246710 0.1110358 0.0856943 0.1257372 0.1228677 0.1154979 0.1136101 0.1394630
-0.9875979 -0.9838642 -0.9870974 0.1758715 0.2250644 0.1727022 0.1179415 0.1152591 0.0687948 0.1332760 0.1806245 0.1752694 0.1539573 0.1596770 0.1907538 0.1543332 0.1463246 0.1542249 0.1877561 0.1510496 0.1630566 0.1292198 0.1451835 -0.0185606 0.1454439 0.1537016 0.1366151 0.1339802 0.1607129 0.8551264 0.1664311 0.1327664 0.1466733 0.1493880 0.1468417 0.1599588 0.1688245 0.1648322 0.1534266 0.1672117 0.1439144 0.1710328 0.1718498 0.2075417 0.1560893 0.1750184 0.1858479 0.0982250 0.0811500 0.1125944 0.1097105 0.1019246 0.0843839 0.0983104 0.0776455 0.0790735 0.1064816 0.1043591 0.1108593 -0.9853640 -0.9844028 -0.9827338 0.1333026 0.0995507 0.1556664 0.1505918 0.1403850 0.1376359 0.1790189
-0.8491244 -0.8451431 -0.8482023 0.1414484 0.1711071 0.1403635 0.1031146 0.1005654 0.0610022 0.1135453 0.1461021 0.1423946 0.1277217 0.1312036 0.1519404 0.1278829 0.1227540 0.1279351 0.1498883 0.1255565 0.1337114 0.1101605 0.1217010 -0.0110459 0.1204205 0.1255642 0.1154360 0.1135886 0.1320930 0.1664311 0.7812155 0.1134096 0.1233689 0.1260886 0.1228222 0.1326266 0.1371898 0.1347753 0.1286682 0.1380779 0.1214579 0.1388240 0.1397968 0.1584609 0.1292303 0.1425953 0.1494418 0.0893129 0.0767534 0.0989105 0.0972357 0.0915875 0.0790582 0.0893713 0.0740958 0.0753637 0.0950591 0.0941310 0.0979050 -0.8467541 -0.8454165 -0.8437803 0.1136600 0.0879067 0.1288988 0.1255077 0.1186959 0.1165126 0.1440155
-0.7274369 -0.7234381 -0.7263327 0.1170192 0.1357208 0.1158481 0.0874343 0.0842132 0.0518140 0.0968468 0.1193027 0.1164949 0.1062105 0.1088885 0.1229901 0.1072108 0.1030708 0.1064009 0.1218956 0.1048060 0.1107357 0.0943053 0.1022103 -0.0067588 0.0998814 0.1024328 0.0961533 0.0952077 0.1100116 0.1327664 0.1134096 0.7760258 0.1038869 0.1055463 0.1029165 0.1100852 0.1123182 0.1125937 0.1081462 0.1142330 0.1019103 0.1155506 0.1149596 0.1276722 0.1084802 0.1174593 0.1211938 0.0759286 0.0667760 0.0825110 0.0812556 0.0782531 0.0685812 0.0762421 0.0653006 0.0659247 0.0799918 0.0793757 0.0839928 -0.7251026 -0.7236912 -0.7218604 0.0961578 0.0748626 0.1074045 0.1054827 0.0999811 0.0986582 0.1175968
-0.7839536 -0.7799679 -0.7828524 0.1287914 0.1498236 0.1266247 0.0947653 0.0922367 0.0562300 0.1042610 0.1300994 0.1277708 0.1168042 0.1196032 0.1358735 0.1164422 0.1125597 0.1166055 0.1341054 0.1145271 0.1206109 0.1021370 0.1115209 -0.0081249 0.1085881 0.1124994 0.1042361 0.1031619 0.1195142 0.1466733 0.1233689 0.1038869 0.7693268 0.1150207 0.1118322 0.1201827 0.1241972 0.1225633 0.1168295 0.1240422 0.1109313 0.1262554 0.1253011 0.1407422 0.1177223 0.1284021 0.1323818 0.0822767 0.0718630 0.0898927 0.0887567 0.0847674 0.0742019 0.0829584 0.0701341 0.0712681 0.0872830 0.0870507 0.0909342 -0.7819074 -0.7803477 -0.7782614 0.1043710 0.0815786 0.1173309 0.1148072 0.1083046 0.1074028 0.1294796
-0.7973647 -0.7932178 -0.7962387 0.1316825 0.1536971 0.1293830 0.0962975 0.0929600 0.0570661 0.1059076 0.1339531 0.1307202 0.1184334 0.1219137 0.1390869 0.1191732 0.1148783 0.1188961 0.1367028 0.1168463 0.1235431 0.1035798 0.1136111 -0.0088181 0.1111770 0.1149944 0.1072576 0.1057289 0.1227065 0.1493880 0.1260886 0.1055463 0.1150207 0.7707714 0.1151260 0.1224027 0.1261834 0.1246433 0.1197697 0.1265898 0.1131646 0.1283386 0.1283780 0.1432560 0.1201845 0.1308143 0.1360694 0.0834223 0.0725055 0.0917258 0.0907473 0.0860266 0.0747554 0.0839523 0.0711549 0.0724325 0.0891914 0.0884645 0.0921183 -0.7949503 -0.7936000 -0.7916456 0.1064183 0.0828910 0.1195846 0.1167718 0.1098506 0.1091342 0.1317794
-0.7847239 -0.7805927 -0.7837698 0.1286114 0.1500054 0.1267961 0.0948247 0.0925173 0.0560809 0.1043978 0.1303569 0.1273652 0.1163017 0.1203320 0.1367374 0.1166010 0.1123785 0.1170452 0.1330103 0.1144724 0.1210002 0.1018756 0.1111419 -0.0083091 0.1091732 0.1132468 0.1048070 0.1037874 0.1205571 0.1468417 0.1228222 0.1029165 0.1118322 0.1151260 0.7688782 0.1202453 0.1238375 0.1220666 0.1167827 0.1238598 0.1105653 0.1253455 0.1265502 0.1407041 0.1173444 0.1279908 0.1335551 0.0830293 0.0726651 0.0910638 0.0898675 0.0857536 0.0747595 0.0835036 0.0707675 0.0712763 0.0869078 0.0867847 0.0904990 -0.7825217 -0.7808890 -0.7790675 0.1045411 0.0811136 0.1171413 0.1146451 0.1081486 0.1069846 0.1298795
-0.8306876 -0.8266869 -0.8299239 0.1390055 0.1653658 0.1362973 0.1003352 0.0981824 0.0593958 0.1109611 0.1412987 0.1377659 0.1241749 0.1283140 0.1472769 0.1247837 0.1199854 0.1248208 0.1452287 0.1226581 0.1311963 0.1080955 0.1190873 -0.0101064 0.1177686 0.1218562 0.1122793 0.1109512 0.1284299 0.1599588 0.1326266 0.1100852 0.1201827 0.1224027 0.1202453 0.7755481 0.1335060 0.1317558 0.1250109 0.1334081 0.1178411 0.1355607 0.1356748 0.1539879 0.1266203 0.1394919 0.1435588 0.0866016 0.0749458 0.0959624 0.0944332 0.0900499 0.0776162 0.0875812 0.0731890 0.0739089 0.0928068 0.0926258 0.0955546 -0.8284909 -0.8270441 -0.8251349 0.1108795 0.0855313 0.1259099 0.1223149 0.1155548 0.1140299 0.1397223
-0.8531940 -0.8493984 -0.8524072 0.1428387 0.1725025 0.1412716 0.1033082 0.1007426 0.0607237 0.1140913 0.1479834 0.1424854 0.1276607 0.1331061 0.1534180 0.1292463 0.1243948 0.1289521 0.1508172 0.1264796 0.1351358 0.1112060 0.1226748 -0.0112088 0.1213529 0.1259743 0.1158037 0.1146907 0.1329398 0.1688245 0.1371898 0.1123182 0.1241972 0.1261834 0.1238375 0.1335060 0.7825176 0.1364504 0.1291895 0.1372855 0.1214238 0.1405903 0.1400797 0.1607822 0.1294069 0.1430528 0.1495571 0.0891457 0.0761895 0.0995548 0.0971148 0.0920473 0.0788110 0.0894549 0.0753026 0.0753743 0.0949989 0.0947187 0.0983597 -0.8508855 -0.8498465 -0.8478152 0.1141536 0.0875151 0.1302471 0.1271827 0.1194027 0.1174375 0.1457683
-0.8430992 -0.8388690 -0.8422638 0.1416486 0.1689207 0.1399982 0.1018735 0.1003874 0.0601816 0.1130808 0.1444717 0.1405778 0.1263267 0.1307335 0.1491069 0.1273774 0.1220819 0.1269650 0.1470504 0.1244058 0.1326268 0.1102111 0.1210331 -0.0105952 0.1196732 0.1238224 0.1140183 0.1133801 0.1306526 0.1648322 0.1347753 0.1125937 0.1225633 0.1246433 0.1220666 0.1317558 0.1364504 0.7797198 0.1274140 0.1360487 0.1195415 0.1385809 0.1388742 0.1565620 0.1276832 0.1403861 0.1474639 0.0884205 0.0761591 0.0976565 0.0960103 0.0916620 0.0789161 0.0889612 0.0743262 0.0750045 0.0937688 0.0931612 0.0968056 -0.8407314 -0.8393552 -0.8375885 0.1130591 0.0866383 0.1283456 0.1245490 0.1178971 0.1159876 0.1425239
-0.8093851 -0.8054023 -0.8082996 0.1335730 0.1580766 0.1320092 0.0976297 0.0953947 0.0580210 0.1081135 0.1368748 0.1325002 0.1207551 0.1245304 0.1416337 0.1212340 0.1162799 0.1207936 0.1397184 0.1184522 0.1254251 0.1056408 0.1156222 -0.0090758 0.1131150 0.1170340 0.1086338 0.1076754 0.1248760 0.1534266 0.1286682 0.1081462 0.1168295 0.1197697 0.1167827 0.1250109 0.1291895 0.1274140 0.7684765 0.1297857 0.1151531 0.1317709 0.1311299 0.1475455 0.1228719 0.1338783 0.1396055 0.0850374 0.0737026 0.0937032 0.0917046 0.0880305 0.0759709 0.0856724 0.0722167 0.0734024 0.0907416 0.0898976 0.0933621 -0.8067973 -0.8053335 -0.8036460 0.1079191 0.0836273 0.1219165 0.1188068 0.1125312 0.1105510 0.1349081
-0.8526603 -0.8484866 -0.8515240 0.1430787 0.1715898 0.1413736 0.1030976 0.1000358 0.0608837 0.1142891 0.1465416 0.1429205 0.1280363 0.1323164 0.1527292 0.1292782 0.1236818 0.1287013 0.1500577 0.1258426 0.1342907 0.1116922 0.1228060 -0.0111187 0.1212762 0.1255773 0.1157889 0.1144871 0.1333082 0.1672117 0.1380779 0.1142330 0.1240422 0.1265898 0.1238598 0.1334081 0.1372855 0.1360487 0.1297857 0.7817771 0.1221783 0.1408433 0.1415281 0.1599430 0.1304325 0.1436392 0.1498142 0.0885323 0.0763916 0.0982735 0.0966353 0.0916216 0.0788256 0.0891137 0.0745440 0.0758172 0.0957165 0.0947472 0.0981308 -0.8500621 -0.8487785 -0.8470657 0.1137580 0.0876857 0.1296662 0.1265247 0.1192165 0.1175737 0.1441280
-0.7739347 -0.7697185 -0.7729469 0.1263566 0.1468894 0.1244757 0.0933918 0.0912983 0.0555997 0.1027288 0.1278936 0.1252432 0.1147673 0.1177043 0.1333661 0.1142001 0.1112076 0.1156155 0.1305424 0.1130106 0.1194227 0.1005735 0.1101314 -0.0077183 0.1065145 0.1107169 0.1035342 0.1025924 0.1185733 0.1439144 0.1214579 0.1019103 0.1109313 0.1131646 0.1105653 0.1178411 0.1214238 0.1195415 0.1151531 0.1221783 0.7667568 0.1232513 0.1237948 0.1369052 0.1153950 0.1255742 0.1315327 0.0813848 0.0713032 0.0886310 0.0876256 0.0842103 0.0736449 0.0818472 0.0697937 0.0710790 0.0867613 0.0860298 0.0897675 -0.7717527 -0.7700825 -0.7683367 0.1030353 0.0799040 0.1155102 0.1131341 0.1069731 0.1055864 0.1264123
-0.8631664 -0.8592985 -0.8623307 0.1450420 0.1760831 0.1429380 0.1045871 0.1024692 0.0618482 0.1157794 0.1491749 0.1448959 0.1299560 0.1342335 0.1548352 0.1315856 0.1250867 0.1308304 0.1527882 0.1276926 0.1363341 0.1127530 0.1239809 -0.0111094 0.1239855 0.1289170 0.1177708 0.1160817 0.1352818 0.1710328 0.1388240 0.1155506 0.1262554 0.1283386 0.1253455 0.1355607 0.1405903 0.1385809 0.1317709 0.1408433 0.1232513 0.7844245 0.1421814 0.1636222 0.1323417 0.1458839 0.1519991 0.0902869 0.0773318 0.0999443 0.0982694 0.0930038 0.0803192 0.0905364 0.0755632 0.0766664 0.0971662 0.0956944 0.1000973 -0.8610681 -0.8598128 -0.8577142 0.1160622 0.0891565 0.1320753 0.1284423 0.1210629 0.1183506 0.1465129
-0.8640674 -0.8598800 -0.8627406 0.1465622 0.1772885 0.1449565 0.1032788 0.1018732 0.0614248 0.1159048 0.1501246 0.1462292 0.1298383 0.1345625 0.1563127 0.1308263 0.1255742 0.1314075 0.1539849 0.1282372 0.1368728 0.1130082 0.1250015 -0.0118705 0.1223059 0.1277784 0.1174543 0.1153344 0.1358127 0.1718498 0.1397968 0.1149596 0.1253011 0.1283780 0.1265502 0.1356748 0.1400797 0.1388742 0.1311299 0.1415281 0.1237948 0.1421814 0.7868807 0.1635298 0.1325365 0.1466507 0.1541231 0.0894201 0.0762869 0.0981692 0.0971077 0.0923530 0.0786976 0.0901190 0.0748876 0.0754365 0.0957361 0.0951778 0.0987978 -0.8616391 -0.8602682 -0.8585802 0.1153461 0.0885733 0.1318935 0.1285374 0.1209111 0.1187775 0.1472203
-0.9962387 -0.9928768 -0.9958023 0.1682300 0.2158103 0.1660675 0.1444966 0.1370322 0.0821448 0.1290750 0.1728020 0.1673399 0.1459292 0.1528272 0.1841161 0.1472156 0.1394987 0.1475995 0.1804266 0.1434987 0.1549378 0.1232423 0.1382222 -0.0159047 0.1792924 0.1918106 0.1659187 0.1648971 0.1533144 0.2075417 0.1584609 0.1276722 0.1407422 0.1432560 0.1407041 0.1539879 0.1607822 0.1565620 0.1475455 0.1599430 0.1369052 0.1636222 0.1635298 0.8593163 0.1478841 0.1677572 0.1782258 0.1122802 0.0937986 0.1313090 0.1277288 0.1186266 0.0976999 0.1144152 0.0897815 0.0918465 0.1257730 0.1234556 0.1310947 -0.9943171 -0.9929935 -0.9917442 0.1281752 0.1137389 0.1481781 0.1434736 0.1344605 0.1312854 0.1709758
-0.8120035 -0.8081176 -0.8111630 0.1339801 0.1593379 0.1323639 0.0979231 0.0949441 0.0572723 0.1092492 0.1374440 0.1341552 0.1212496 0.1250245 0.1422821 0.1212222 0.1174590 0.1217758 0.1405747 0.1195824 0.1269459 0.1060217 0.1164791 -0.0092031 0.1134829 0.1172690 0.1090094 0.1078870 0.1255193 0.1560893 0.1292303 0.1084802 0.1177223 0.1201845 0.1173444 0.1266203 0.1294069 0.1276832 0.1228719 0.1304325 0.1153950 0.1323417 0.1325365 0.1478841 0.7721674 0.1349168 0.1398615 0.0842811 0.0733116 0.0925565 0.0916376 0.0874671 0.0755890 0.0854290 0.0718748 0.0728310 0.0899372 0.0896730 0.0936554 -0.8097389 -0.8083364 -0.8064929 0.1085251 0.0836738 0.1223162 0.1196240 0.1124856 0.1112115 0.1355132
-0.8755084 -0.8716070 -0.8744245 0.1477583 0.1797081 0.1465216 0.1052032 0.1035555 0.0624047 0.1178449 0.1521606 0.1475882 0.1317099 0.1363127 0.1572010 0.1323979 0.1268140 0.1332608 0.1563760 0.1299367 0.1391537 0.1142214 0.1264365 -0.0121047 0.1248244 0.1297043 0.1186123 0.1175866 0.1379569 0.1750184 0.1425953 0.1174593 0.1284021 0.1308143 0.1279908 0.1394919 0.1430528 0.1403861 0.1338783 0.1436392 0.1255742 0.1458839 0.1466507 0.1677572 0.1349168 0.7913579 0.1569113 0.0906007 0.0772331 0.1008256 0.0988635 0.0940746 0.0800272 0.0914242 0.0759793 0.0770549 0.0971266 0.0963589 0.0994201 -0.8730121 -0.8718780 -0.8702078 0.1176761 0.0903440 0.1337648 0.1296466 0.1224966 0.1208058 0.1498015
-0.9076357 -0.9037817 -0.9066887 0.1570507 0.1921119 0.1548884 0.1088387 0.1069556 0.0642718 0.1222939 0.1607376 0.1552138 0.1385726 0.1429559 0.1695158 0.1396578 0.1332904 0.1391682 0.1654564 0.1358663 0.1462159 0.1180939 0.1320225 -0.0142989 0.1302719 0.1366608 0.1245378 0.1223040 0.1447164 0.1858479 0.1494418 0.1211938 0.1323818 0.1360694 0.1335551 0.1435588 0.1495571 0.1474639 0.1396055 0.1498142 0.1315327 0.1519991 0.1541231 0.1782258 0.1398615 0.1569113 0.7993267 0.0930177 0.0783345 0.1039534 0.1019805 0.0968816 0.0812055 0.0934418 0.0761956 0.0775598 0.1002271 0.0990123 0.1032101 -0.9054034 -0.9038589 -0.9025447 0.1218291 0.0925876 0.1399518 0.1358137 0.1280834 0.1250798 0.1577475
-0.7039624 -0.7002456 -0.7029658 0.0905311 0.0996171 0.0899841 0.0957685 0.1213051 0.0584197 0.0789401 0.0923783 0.0901812 0.0841316 0.0865494 0.0935193 0.0858021 0.0827144 0.0854140 0.0939304 0.0838697 0.0870218 0.0766918 0.0824861 -0.0053993 0.1112838 0.1173386 0.1054026 0.1065499 0.0866022 0.0982250 0.0893129 0.0759286 0.0822767 0.0834223 0.0830293 0.0866016 0.0891457 0.0884205 0.0850374 0.0885323 0.0813848 0.0902869 0.0894201 0.1122802 0.0842811 0.0906007 0.0930177 0.8574495 0.1382807 0.1825898 0.1770163 0.1091510 0.0946031 0.1078300 0.0957224 0.0987101 0.1249767 0.1240928 0.0901418 -0.7014782 -0.7003829 -0.6985852 0.0794262 0.0804362 0.0850981 0.0836844 0.0813271 0.0793497 0.0915783
-0.6267062 -0.6225058 -0.6253504 0.0770698 0.0818944 0.0771210 0.0846101 0.1061025 0.0519895 0.0694356 0.0782158 0.0770069 0.0732348 0.0749235 0.0785525 0.0744423 0.0720300 0.0739839 0.0791281 0.0730512 0.0754149 0.0677760 0.0721291 -0.0030464 0.0962123 0.1000629 0.0916677 0.0930979 0.0744581 0.0811500 0.0767534 0.0667760 0.0718630 0.0725055 0.0726651 0.0749458 0.0761895 0.0761591 0.0737026 0.0763916 0.0713032 0.0773318 0.0762869 0.0937986 0.0733116 0.0772331 0.0783345 0.1382807 0.8513578 0.1608458 0.1551631 0.0963628 0.0856093 0.0957366 0.0860108 0.0885520 0.1095035 0.1083813 0.0794510 -0.6240588 -0.6226823 -0.6211203 0.0698649 0.0712660 0.0740320 0.0729522 0.0713054 0.0695066 0.0781059
-0.7746658 -0.7709705 -0.7737492 0.1011424 0.1146424 0.1003734 0.1068204 0.1401616 0.0654761 0.0856655 0.1031062 0.1006084 0.0922594 0.0962348 0.1047862 0.0940302 0.0897692 0.0936453 0.1049743 0.0917121 0.0965064 0.0829111 0.0903940 -0.0080235 0.1279026 0.1346526 0.1197669 0.1214344 0.0953203 0.1125944 0.0989105 0.0825110 0.0898927 0.0917258 0.0910638 0.0959624 0.0995548 0.0976565 0.0937032 0.0982735 0.0886310 0.0999443 0.0981692 0.1313090 0.0925565 0.1008256 0.1039534 0.1825898 0.1608458 0.9009062 0.2090342 0.1243096 0.1070017 0.1233639 0.1087296 0.1124386 0.1456329 0.1438438 0.0992286 -0.7722943 -0.7712246 -0.7697413 0.0865042 0.0897272 0.0935023 0.0919529 0.0886346 0.0861539 0.1025744
-0.7617466 -0.7578048 -0.7606430 0.0994025 0.1120380 0.0987470 0.1047678 0.1361591 0.0649953 0.0844254 0.1006943 0.0989320 0.0910713 0.0948462 0.1028011 0.0929744 0.0886828 0.0920655 0.1033144 0.0906776 0.0948401 0.0820923 0.0892816 -0.0074388 0.1245461 0.1299053 0.1168261 0.1188286 0.0938812 0.1097105 0.0972357 0.0812556 0.0887567 0.0907473 0.0898675 0.0944332 0.0971148 0.0960103 0.0917046 0.0966353 0.0876256 0.0982694 0.0971077 0.1277288 0.0916376 0.0988635 0.1019805 0.1770163 0.1551631 0.2090342 0.8890201 0.1208578 0.1046278 0.1192769 0.1055765 0.1098160 0.1410677 0.1401550 0.0979274 -0.7593693 -0.7581659 -0.7563854 0.0856390 0.0887014 0.0922027 0.0906579 0.0875783 0.0848905 0.1006342
-0.7250239 -0.7205959 -0.7238461 0.0943237 0.1040865 0.0941338 0.1005260 0.1823901 0.0595889 0.0812787 0.0963170 0.0933967 0.0875417 0.0897975 0.0974003 0.0884577 0.0849622 0.0877876 0.0970556 0.0861634 0.0901493 0.0790629 0.0858563 -0.0053595 0.1178689 0.1249690 0.1115050 0.1145546 0.0901014 0.1019246 0.0915875 0.0782531 0.0847674 0.0860266 0.0857536 0.0900499 0.0920473 0.0916620 0.0880305 0.0916216 0.0842103 0.0930038 0.0923530 0.1186266 0.0874671 0.0940746 0.0968816 0.1091510 0.0963628 0.1243096 0.1208578 0.8575078 0.1367058 0.1530959 0.1057904 0.1082622 0.1371596 0.1355554 0.0945296 -0.7226352 -0.7206936 -0.7194530 0.0820219 0.0830834 0.0881184 0.0860976 0.0837443 0.0811501 0.0955215
-0.6414655 -0.6371292 -0.6405749 0.0799175 0.0849419 0.0801421 0.0877988 0.1564236 0.0517660 0.0714776 0.0816247 0.0794816 0.0760730 0.0775744 0.0819494 0.0769307 0.0744535 0.0759398 0.0814749 0.0751104 0.0776551 0.0696086 0.0749405 -0.0027206 0.0995551 0.1043850 0.0955825 0.0968564 0.0778432 0.0843839 0.0790582 0.0685812 0.0742019 0.0747554 0.0747595 0.0776162 0.0788110 0.0789161 0.0759709 0.0788256 0.0736449 0.0803192 0.0786976 0.0976999 0.0755890 0.0800272 0.0812055 0.0946031 0.0856093 0.1070017 0.1046278 0.1367058 0.8440192 0.1362560 0.0931835 0.0959244 0.1183586 0.1168273 0.0825163 -0.6389982 -0.6378573 -0.6359248 0.0718525 0.0724368 0.0765319 0.0752155 0.0733689 0.0716811 0.0806903
-0.7107490 -0.7065549 -0.7096111 0.0912538 0.1000054 0.0914608 0.0973714 0.1770091 0.0585875 0.0798020 0.0933497 0.0907414 0.0853746 0.0875284 0.0943455 0.0862665 0.0829407 0.0858637 0.0936083 0.0842167 0.0881878 0.0768924 0.0836183 -0.0050459 0.1139869 0.1211526 0.1083644 0.1095798 0.0875501 0.0983104 0.0893713 0.0762421 0.0829584 0.0839523 0.0835036 0.0875812 0.0894549 0.0889612 0.0856724 0.0891137 0.0818472 0.0905364 0.0901190 0.1144152 0.0854290 0.0914242 0.0934418 0.1078300 0.0957366 0.1233639 0.1192769 0.1530959 0.1362560 0.8571593 0.1045088 0.1071472 0.1351924 0.1339237 0.0917652 -0.7082008 -0.7067424 -0.7052148 0.0797892 0.0813035 0.0858620 0.0837757 0.0820742 0.0797919 0.0921264
-0.6172125 -0.6129777 -0.6158808 0.0754095 0.0792003 0.0755364 0.0802525 0.1197999 0.0499334 0.0679445 0.0760351 0.0751899 0.0712535 0.0731056 0.0766006 0.0732679 0.0703277 0.0724892 0.0766254 0.0713842 0.0736682 0.0665806 0.0705527 -0.0031869 0.0913665 0.0957734 0.0877545 0.0886095 0.0731909 0.0776455 0.0740958 0.0653006 0.0701341 0.0711549 0.0707675 0.0731890 0.0753026 0.0743262 0.0722167 0.0745440 0.0697937 0.0755632 0.0748876 0.0897815 0.0718748 0.0759793 0.0761956 0.0957224 0.0860108 0.1087296 0.1055765 0.1057904 0.0931835 0.1045088 0.8512555 0.1247086 0.1527451 0.1512039 0.0771236 -0.6145912 -0.6134837 -0.6117443 0.0685449 0.0696534 0.0724664 0.0711413 0.0689922 0.0677899 0.0756312
-0.6294532 -0.6248508 -0.6282000 0.0766009 0.0804109 0.0764773 0.0824645 0.1230222 0.0516187 0.0688187 0.0778529 0.0758921 0.0725343 0.0740499 0.0769247 0.0738605 0.0708771 0.0729647 0.0774167 0.0718685 0.0745285 0.0670120 0.0719693 -0.0033695 0.0941834 0.0981386 0.0903472 0.0907873 0.0740935 0.0790735 0.0753637 0.0659247 0.0712681 0.0724325 0.0712763 0.0739089 0.0753743 0.0750045 0.0734024 0.0758172 0.0710790 0.0766664 0.0754365 0.0918465 0.0728310 0.0770549 0.0775598 0.0987101 0.0885520 0.1124386 0.1098160 0.1082622 0.0959244 0.1071472 0.1247086 0.8587708 0.1617495 0.1582572 0.0785360 -0.6269524 -0.6254897 -0.6238372 0.0696189 0.0717000 0.0735285 0.0718947 0.0699933 0.0687917 0.0765331
-0.7623522 -0.7577325 -0.7608985 0.0977436 0.1088546 0.0971253 0.1021665 0.1575665 0.0643881 0.0835822 0.0994548 0.0974751 0.0899345 0.0923590 0.1002004 0.0912740 0.0867517 0.0906115 0.1007112 0.0886594 0.0935704 0.0810035 0.0878215 -0.0078436 0.1232160 0.1291300 0.1166974 0.1158904 0.0923266 0.1064816 0.0950591 0.0799918 0.0872830 0.0891914 0.0869078 0.0928068 0.0949989 0.0937688 0.0907416 0.0957165 0.0867613 0.0971662 0.0957361 0.1257730 0.0899372 0.0971266 0.1002271 0.1249767 0.1095035 0.1456329 0.1410677 0.1371596 0.1183586 0.1351924 0.1527451 0.1617495 0.9072005 0.2049892 0.0975780 -0.7597256 -0.7584784 -0.7566033 0.0842896 0.0882629 0.0911912 0.0881765 0.0855057 0.0831940 0.0977025
